



a <- 640 + # cck8
  1413.5 + # IL6
  3210 + # stat3
  3496 + # qpcr1
  9747 + # qpcr2
  3554 + # vegfa-1
  3854 + # 磁珠
  24512 + #干细胞等
  990 +  # 石蜡切片
  161 + #台盼蓝
  19385 # 王亮等
a

b <- 55636.5 +
  19385
b-a -3084


